IA
8.684893677503 1.736034457454 1.120238564196 -1.503170981113 -3.892875794771 -2.164510421873 2.906174958977 -2.791740016619 -4.868009112927 0.925856015923 2.431965701837 -20.688523730041 -7.809988642743 1.288198750587 -0.294795632991 2.493930700301 -0.174736155880 1.166573173528 
1.736034457454 3.139908119656 1.567377588703 0.073861142285 -1.238544547499 3.051651789946 -2.844325935855 -0.216464397817 0.525300620448 2.405708006753 -0.013861700255 -7.606836732682 -2.741560772523 -0.695488932401 -1.199550524952 0.458635795462 1.223936346747 -2.711547550520 
1.120238564196 1.567377588703 12.854618059300 3.404196491094 -14.516638788479 1.636762829145 -2.126911167721 0.935761571761 0.593085233411 4.418258564495 0.151201311443 -1.278453777158 -0.573778706745 -0.063784020857 -3.731323991178 0.482612551121 1.980050517957 -1.261370893338 
-1.503170981113 0.073861142285 3.404196491094 7.216144521850 -6.560371321651 -0.675469025686 1.121070036093 1.987691637192 4.888111574653 0.923623837292 -1.557944979654 5.555464572122 1.836959630065 -0.073854336524 -0.877377054901 -2.162782684098 0.670906107439 1.335972155468 
-3.892875794771 -1.238544547499 -14.516638788479 -6.560371321651 56.351166351143 -3.423249054134 1.257455327866 -0.175996238593 4.077438658774 -0.666709918099 0.027296662365 3.846469697504 0.687494497217 0.763549848851 1.081573925169 -2.702707398101 -1.700141496263 0.394270419363 
-2.164510421873 3.051651789946 1.636762829145 -0.675469025686 -3.423249054134 19.701285338302 -19.256255610249 -1.264016427225 -0.748757360474 5.513686147628 2.261522062917 -4.166206163371 -0.131716355465 -1.103911611625 -1.381129970909 1.215452891566 1.263449518204 -14.332462723696 
2.906174958977 -2.844325935855 -2.126911167721 1.121070036093 1.257455327866 -19.256255610249 30.370756184296 1.210555932329 2.086939426156 -6.091991935565 -1.265817261548 -3.539580143801 -1.717348941228 1.945881242452 2.010092615734 -2.068007355291 -2.170549277010 18.485959406360 
-2.791740016619 -0.216464397817 0.935761571761 1.987691637192 -0.175996238593 -1.264016427225 1.210555932329 8.013154050855 3.982115241773 0.181449238500 -1.676265013992 8.512987818711 2.775984717969 -0.769782952139 -1.367312873294 -1.053535803998 0.890264889088 3.737200370254 
-4.868009112927 0.525300620448 0.593085233411 4.888111574653 4.077438658774 -0.748757360474 2.086939426156 3.982115241773 15.703504406939 1.447460958541 -5.875462051929 7.457947073443 4.028032511206 -0.582462648748 -1.419026018045 -4.733986924356 0.848226015414 1.026549676496 
0.925856015923 2.405708006753 4.418258564495 0.923623837292 -0.666709918099 5.513686147628 -6.091991935565 0.181449238500 1.447460958541 7.517805344881 2.730481819407 -3.822154760399 -1.678701463443 -0.012885914426 -4.441312592848 0.480852870326 1.408306856287 -4.805321876328 
2.431965701837 -0.013861700255 0.151201311443 -1.557944979654 0.027296662365 2.261522062917 -1.265817261548 -1.676265013992 -5.875462051929 2.730481819407 7.401834437600 -3.438766449806 -2.900105929426 1.348756693022 -1.122254315451 0.828540182714 -0.713204086474 -0.416416306715 
-20.688523730041 -7.606836732682 -1.278453777158 5.555464572122 3.846469697504 -4.166206163371 -3.539580143801 8.512987818711 7.457947073443 -3.822154760399 -3.438766449806 75.232657452154 21.568351191392 -0.363021240354 0.515237960033 -5.791617954806 1.320307702782 5.984407820558 
-7.809988642743 -2.741560772523 -0.573778706745 1.836959630065 0.687494497217 -0.131716355465 -1.717348941228 2.775984717969 4.028032511206 -1.678701463443 -2.900105929426 21.568351191392 8.476616031002 -0.860649268690 0.527783112336 -1.702287014675 -0.263569716921 -0.062244403055 
1.288198750587 -0.695488932401 -0.063784020857 -0.073854336524 0.763549848851 -1.103911611625 1.945881242452 -0.769782952139 -0.582462648748 -0.012885914426 1.348756693022 -0.363021240354 -0.860649268690 2.316606229411 0.095358422319 -0.334121886505 -0.791056401153 1.174288436222 
-0.294795632991 -1.199550524952 -3.731323991178 -0.877377054901 1.081573925169 -1.381129970909 2.010092615734 -1.367312873294 -1.419026018045 -4.441312592848 -1.122254315451 0.515237960033 0.527783112336 0.095358422319 6.018955317748 1.135773838922 0.513692886978 1.001502004391 
2.493930700301 0.458635795462 0.482612551121 -2.162782684098 -2.702707398101 1.215452891566 -2.068007355291 -1.053535803998 -4.733986924356 0.480852870326 0.828540182714 -5.791617954806 -1.702287014675 -0.334121886505 1.135773838922 9.566608144166 -3.332367405202 -1.596545540460 
-0.174736155880 1.223936346747 1.980050517957 0.670906107439 -1.700141496263 1.263449518204 -2.170549277010 0.890264889088 0.848226015414 1.408306856287 -0.713204086474 1.320307702782 -0.263569716921 -0.791056401153 0.513692886978 -3.332367405202 36.464134565292 0.810605951719 
1.166573173528 -2.711547550520 -1.261370893338 1.335972155468 0.394270419363 -14.332462723696 18.485959406360 3.737200370254 1.026549676496 -4.805321876328 -0.416416306715 5.984407820558 -0.062244403055 1.174288436222 1.001502004391 -1.596545540460 0.810605951719 17.836495741572 
