GT_end5
8.432573862589 0.844639703216 -0.964695865251 -0.814557079443 -0.031212216180 -3.099549936235 2.297820520069 -2.411432145399 -1.513692371028 -1.452464513403 1.780152932723 -20.487255655614 -7.262518446626 2.251894057297 0.914514513494 0.953888118481 -0.579112803110 2.279366015640 
0.844639703216 2.584041468958 -0.057229530399 0.123647559810 0.924943578571 2.716316052916 -2.768785564225 -0.880690312956 0.814721466194 1.012311011019 0.141504400649 -5.721833168607 -2.158754045365 -0.770273029749 -0.356883248463 0.125290528836 0.514612841164 -2.253206416953 
-0.964695865251 -0.057229530399 15.923269504181 5.962058180064 -17.317034647427 -0.632934519572 -1.867367416285 -0.462225898057 0.265080006024 3.033204707876 -1.275438957585 1.167833883611 0.735894542035 -1.298092242389 -2.821743272248 0.083470448555 1.091221415082 -0.966416938008 
-0.814557079443 0.123647559810 5.962058180064 11.905335656037 -13.885496995163 -0.204421083833 -1.565905660288 1.106067828480 2.848783212190 0.035858635617 -0.248189011270 2.314429146273 1.218980803686 0.097484919963 0.136305341345 -0.520239462900 0.861568825804 -0.577730169727 
-0.031212216180 0.924943578571 -17.317034647427 -13.885496995163 86.547007853290 3.385517938045 2.903025917951 0.333568478084 0.021408126149 -0.273427508954 0.403475823932 0.810717287753 -0.664527594432 0.984802851556 0.610931716572 -0.739724520800 -2.403607537035 0.902256398079 
-3.099549936235 2.716316052916 -0.632934519572 -0.204421083833 3.385517938045 19.489728463858 -18.270876971886 -1.358406059088 1.296306024623 1.835260443273 -0.787378169842 0.060382246772 -1.399254930718 -1.277282503271 -0.037949339308 -0.429843283251 0.507974995416 -15.658080157190 
2.297820520069 -2.768785564225 -1.867367416285 -1.565905660288 2.903025917951 -18.270876971886 28.799743349061 0.519853392691 -2.957038294892 -2.560595988269 1.799973637722 -1.840256834156 0.411261141989 1.465815458398 0.639466324851 -0.303784154949 -3.124055198394 18.594186186016 
-2.411432145399 -0.880690312956 -0.462225898057 1.106067828480 0.333568478084 -1.358406059088 0.519853392691 7.012217201401 3.282752309802 -0.542088860387 -0.924983426340 9.063130267325 3.125728926849 0.211665634344 -0.373106415282 -1.263639927542 0.799796227378 1.910711994060 
-1.513692371028 0.814721466194 0.265080006024 2.848783212190 0.021408126149 1.296306024623 -2.957038294892 3.282752309802 9.434460676085 -0.258232628062 -1.478393027831 1.433678336359 2.040689282821 0.716612085267 0.412553716926 -1.851471893190 2.243609611883 -0.494397302585 
-1.452464513403 1.012311011019 3.033204707876 0.035858635617 -0.273427508954 1.835260443273 -2.560595988269 -0.542088860387 -0.258232628062 4.905625427682 -0.709401021266 0.959192474505 0.367699949578 -1.557761536874 -2.953774107118 -0.630523019443 0.486494394376 -1.575217407807 
1.780152932723 0.141504400649 -1.275438957585 -0.248189011270 0.403475823932 -0.787378169842 1.799973637722 -0.924983426340 -1.478393027831 -0.709401021266 5.217960886918 -0.373455778168 -2.075774252954 0.606950211390 1.053196079044 -0.384257739005 -2.469973087478 -0.002215726441 
-20.487255655614 -5.721833168607 1.167833883611 2.314429146273 0.810717287753 0.060382246772 -1.840256834156 9.063130267325 1.433678336359 0.959192474505 -0.373455778168 73.297269672575 21.867521895053 -3.472697654352 -1.506722358177 -1.838080848729 2.562763792079 -0.427291001927 
-7.262518446626 -2.158754045365 0.735894542035 1.218980803686 -0.664527594432 -1.399254930718 0.411261141989 3.125728926849 2.040689282821 0.367699949578 -2.075774252954 21.867521895053 8.393284787291 -1.569364074979 -0.911960617481 -1.165137949621 1.290170915859 1.177646144385 
2.251894057297 -0.770273029749 -1.298092242389 0.097484919963 0.984802851556 -1.277282503271 1.465815458398 0.211665634344 0.716612085267 -1.557761536874 0.606950211390 -3.472697654352 -1.569364074979 2.082407006146 0.921188087670 -0.626379958593 0.020149471559 1.271003771209 
0.914514513494 -0.356883248463 -2.821743272248 0.136305341345 0.610931716572 -0.037949339308 0.639466324851 -0.373106415282 0.412553716926 -2.953774107118 1.053196079044 -1.506722358177 -0.911960617481 0.921188087670 4.313066635777 -0.463210167454 -1.045304438757 0.319376716516 
0.953888118481 0.125290528836 0.083470448555 -0.520239462900 -0.739724520800 -0.429843283251 -0.303784154949 -1.263639927542 -1.851471893190 -0.630523019443 -0.384257739005 -1.838080848729 -1.165137949621 -0.626379958593 -0.463210167454 8.041372336496 3.710129569237 -0.643622899378 
-0.579112803110 0.514612841164 1.091221415082 0.861568825804 -2.403607537035 0.507974995416 -3.124055198394 0.799796227378 2.243609611883 0.486494394376 -2.469973087478 2.562763792079 1.290170915859 0.020149471559 -1.045304438757 3.710129569237 36.795490144734 -0.806335190339 
2.279366015640 -2.253206416953 -0.966416938008 -0.577730169727 0.902256398079 -15.658080157190 18.594186186016 1.910711994060 -0.494397302585 -1.575217407807 -0.002215726441 -0.427291001927 1.177646144385 1.271003771209 0.319376716516 -0.643622899378 -0.806335190339 16.070988242143 
