AH
11.018289572083 2.232433058358 -0.381497485288 -1.759831398506 -0.447652233062 -3.007375148305 2.910285923347 -3.318171232916 -3.223623850308 -1.544159773312 2.749393421622 -27.202194604851 -9.516518061078 3.237920213479 0.679355615898 1.814203746729 -0.457351353567 2.849767721315 
2.232433058358 2.631438695288 0.389995627870 0.130094814806 -0.295318571827 1.081140063362 -1.206118039911 0.078139848709 0.057499091976 1.010355828567 1.209322059410 -4.851975945705 -2.934229440741 -0.990336223729 -0.555766305166 0.111866361860 0.547285573304 -1.257170172801 
-0.381497485288 0.389995627870 5.382030751303 0.654144737761 -1.702936534739 0.550752599079 -0.260431836217 -0.049676892608 -0.253424769846 4.436367830817 -0.679801569472 0.690482742843 -0.199228666708 -0.703980478579 -3.901198153810 0.403532181147 1.353039947067 -0.629261671261 
-1.759831398506 0.130094814806 0.654144737761 9.303198694681 -3.540423736495 0.234858138467 -0.403404061180 2.096856653099 5.283490511256 -1.519946001360 -0.387081941238 5.349428228770 2.030972919110 -0.037655222230 0.031316200428 -1.469519605156 1.324002729142 0.503534560897 
-0.447652233062 -0.295318571827 -1.702936534739 -3.540423736495 38.151850757253 -0.547335558698 2.913371276507 0.750719511491 1.856499035333 -0.831899194339 -1.503830045710 1.970276673926 0.163995664729 0.784412763914 1.594516825613 -0.911053622194 -2.744651410406 0.231766514951 
-3.007375148305 1.081140063362 0.550752599079 0.234858138467 -0.547335558698 21.156465731449 -24.536484317263 1.789853336419 0.739386689392 4.255485312197 -0.674469220794 1.300496146888 -2.337533118184 -3.012947411285 -0.875845417894 -0.443985835337 0.629211958909 -20.107511233239 
2.910285923347 -1.206118039911 -0.260431836217 -0.403404061180 2.913371276507 -24.536484317263 39.111695189622 -0.368232948978 -0.929297270624 -4.562816297704 1.008346772769 -1.237790741181 1.939580141048 3.195289276333 0.852638094800 0.200165117355 -3.594436562991 25.085857345794 
-3.318171232916 0.078139848709 -0.049676892608 2.096856653099 0.750719511491 1.789853336419 -0.368232948978 8.878194371233 3.966865452941 0.271341768138 -1.180722093151 9.774395160636 2.626828087973 -0.764740333192 -0.179520703805 -1.954400251095 0.366855311336 -0.521258873663 
-3.223623850308 0.057499091976 -0.253424769846 5.283490511256 1.856499035333 0.739386689392 -0.929297270624 3.966865452941 17.171228370357 -1.360127568858 -4.280046395945 6.153862420684 3.506221202893 0.309093813858 0.467597262383 -5.138174522687 2.930205132134 -0.486319622357 
-1.544159773312 1.010355828567 4.436367830817 -1.519946001360 -0.831899194339 4.255485312197 -4.562816297704 0.271341768138 -1.360127568858 7.095076136370 -1.058658660330 2.070189259633 -0.764648759495 -1.968069447582 -4.517339094620 1.185231592034 0.705031763452 -5.110662913493 
2.749393421622 1.209322059410 -0.679801569472 -0.387081941238 -1.503830045710 -0.674469220794 1.008346772769 -1.180722093151 -4.280046395945 -1.058658660330 8.689406332944 -0.884499953381 -2.411502291304 0.420287702522 -0.494658167991 0.650119099367 -1.176213025295 1.239941651998 
-27.202194604851 -4.851975945705 0.690482742843 5.349428228770 1.970276673926 1.300496146888 -1.237790741181 9.774395160636 6.153862420684 2.070189259633 -0.884499953381 87.935333397122 26.007497701162 -6.275921694369 -1.191549930566 -5.559760382821 2.804605989251 -0.722567617826 
-9.516518061078 -2.934229440741 -0.199228666708 2.030972919110 0.163995664729 -2.337533118184 1.939580141048 2.626828087973 3.506221202893 -0.764648759495 -2.411502291304 26.007497701162 10.893574470540 -1.266887320581 -0.322090367959 -1.355433246039 1.791967448465 3.039062552360 
3.237920213479 -0.990336223729 -0.703980478579 -0.037655222230 0.784412763914 -3.012947411285 3.195289276333 -0.764740333192 0.309093813858 -1.968069447582 0.420287702522 -6.275921694369 -1.266887320581 3.085414159757 0.964523143128 0.269618682047 -0.955292159030 3.054902582596 
0.679355615898 -0.555766305166 -3.901198153810 0.031316200428 1.594516825613 -0.875845417894 0.852638094800 -0.179520703805 0.467597262383 -4.517339094620 -0.494658167991 -1.191549930566 -0.322090367959 0.964523143128 13.073908974134 -4.084917580065 -14.956099085720 0.842702358469 
1.814203746729 0.111866361860 0.403532181147 -1.469519605156 -0.911053622194 -0.443985835337 0.200165117355 -1.954400251095 -5.138174522687 1.185231592034 0.650119099367 -5.559760382821 -1.355433246039 0.269618682047 -4.084917580065 8.173977897876 8.540054811687 0.796484578754 
-0.457351353567 0.547285573304 1.353039947067 1.324002729142 -2.744651410406 0.629211958909 -3.594436562991 0.366855311336 2.930205132134 0.705031763452 -1.176213025295 2.804605989251 1.791967448465 -0.955292159030 -14.956099085720 8.540054811687 55.242284156916 -1.579388822030 
2.849767721315 -1.257170172801 -0.629261671261 0.503534560897 0.231766514951 -20.107511233239 25.085857345794 -0.521258873663 -0.486319622357 -5.110662913493 1.239941651998 -0.722567617826 3.039062552360 3.054902582596 0.842702358469 0.796484578754 -1.579388822030 22.997261225349 
