GA_end3
6.442464704209 0.814470885005 0.507625381599 -2.270701254775 0.706219766995 -1.713152133096 1.216929483086 -2.422571898718 -3.061191370365 0.247651583376 1.908379538749 -15.947396206639 -6.034303662671 1.053148558156 -0.353971310031 1.458124512049 0.064357245181 0.260222791655 
0.814470885005 2.145700680041 1.193834705907 0.414993383091 -0.382307500668 2.287751206645 -1.852387750799 -0.742316968225 0.458327290253 1.306489529754 -0.102348266015 -5.421829703401 -1.807180265330 -0.558165561906 -0.682734021547 0.085278916504 0.809541294239 -1.693445387837 
0.507625381599 1.193834705907 11.720008357330 3.998013128795 -14.440306009647 1.852942621775 -1.208852631850 -0.266066575600 -0.216496253739 2.153072059313 0.365915481705 -0.840927755309 -0.233847388454 -0.179148378729 -2.171436875938 0.001256621080 1.349705795811 -0.626579213517 
-2.270701254775 0.414993383091 3.998013128795 8.049462587670 -9.044119594334 0.712426421004 0.476788183138 1.457754814136 2.243411297352 0.286329873239 -0.859307914942 4.948970633247 1.800500862267 -0.130788373116 -0.242972414649 -1.378673722950 0.659191519014 0.955462261743 
0.706219766995 -0.382307500668 -14.440306009647 -9.044119594334 60.020628627389 -4.155801934201 -0.069378017927 -0.223111666030 1.637646557258 -0.500774670100 0.532097943827 -0.816453370606 -0.795854836792 0.412978326263 1.374573099325 -0.772999299672 -3.257046244175 0.023347372028 
-1.713152133096 2.287751206645 1.852942621775 0.712426421004 -4.155801934201 14.464069428424 -12.859310263806 -0.583882488893 0.199837784504 3.404901410398 -0.964203296278 -4.487362473985 -0.111830192569 -1.099656183163 -0.702282788737 0.688446669135 1.300766242751 -10.857338004761 
1.216929483086 -1.852387750799 -1.208852631850 0.476788183138 -0.069378017927 -12.859310263806 20.232985818975 0.111281805352 0.533369864553 -4.380396288526 1.377911256181 -1.627630610435 -0.666577703740 1.513857072869 1.444127679103 -0.963935632443 -2.261219157743 12.211705004700 
-2.422571898718 -0.742316968225 -0.266066575600 1.457754814136 -0.223111666030 -0.583882488893 0.111281805352 5.909867598372 2.562879093859 0.407594704543 -1.012274355341 6.815572844116 2.590247210959 -0.257515289443 -0.551487025497 -0.507648846948 -0.162190807569 2.281786507571 
-3.061191370365 0.458327290253 -0.216496253739 2.243411297352 1.637646557258 0.199837784504 0.533369864553 2.562879093859 7.764126837942 -0.163581666583 -3.443849126612 3.530256166250 2.442617920694 -0.596856292619 0.347649012255 -2.354360027538 -0.333598196528 0.418400754726 
0.247651583376 1.306489529754 2.153072059313 0.286329873239 -0.500774670100 3.404901410398 -4.380396288526 0.407594704543 -0.163581666583 4.240957156933 1.738336230365 -1.994180014754 -0.798724740542 -0.296529923336 -2.321518914755 0.550871418316 0.611287925504 -2.343788907651 
1.908379538749 -0.102348266015 0.365915481705 -0.859307914942 0.532097943827 -0.964203296278 1.377911256181 -1.012274355341 -3.443849126612 1.738336230365 5.154695760335 -2.289592204441 -1.874127112249 0.851628823984 -1.123546737438 0.364570365115 0.029226303093 1.159468611999 
-15.947396206639 -5.421829703401 -0.840927755309 4.948970633247 -0.816453370606 -4.487362473985 -1.627630610435 6.815572844116 3.530256166250 -1.994180014754 -2.289592204441 62.507591364706 17.420558093338 -0.531556352604 0.849156056582 -2.759124325482 1.150746712703 5.575168010200 
-6.034303662671 -1.807180265330 -0.233847388454 1.800500862267 -0.795854836792 -0.111830192569 -0.666577703740 2.590247210959 2.442617920694 -0.798724740542 -1.874127112249 17.420558093338 6.800942358438 -0.703625510481 0.197164916399 -1.168177136128 0.132835677286 0.215437141459 
1.053148558156 -0.558165561906 -0.179148378729 -0.130788373116 0.412978326263 -1.099656183163 1.513857072869 -0.257515289443 -0.596856292619 -0.296529923336 0.851628823984 -0.531556352604 -0.703625510481 1.670174868077 0.076637945694 -0.277506919257 -0.453171305411 0.877089277152 
-0.353971310031 -0.682734021547 -2.171436875938 -0.242972414649 1.374573099325 -0.702282788737 1.444127679103 -0.551487025497 0.347649012255 -2.321518914755 -1.123546737438 0.849156056582 0.197164916399 0.076637945694 5.485339377581 1.382597787605 1.321172792696 0.659265632852 
1.458124512049 0.085278916504 0.001256621080 -1.378673722950 -0.772999299672 0.688446669135 -0.963935632443 -0.507648846948 -2.354360027538 0.550871418316 0.364570365115 -2.759124325482 -1.168177136128 -0.277506919257 1.382597787605 12.774855652168 -5.043888123057 -0.657537468296 
0.064357245181 0.809541294239 1.349705795811 0.659191519014 -3.257046244175 1.300766242751 -2.261219157743 -0.162190807569 -0.333598196528 0.611287925504 0.029226303093 1.150746712703 0.132835677286 -0.453171305411 1.321172792696 -5.043888123057 50.824072496920 1.439389919280 
0.260222791655 -1.693445387837 -0.626579213517 0.955462261743 0.023347372028 -10.857338004761 12.211705004700 2.281786507571 0.418400754726 -2.343788907651 1.159468611999 5.575168010200 0.215437141459 0.877089277152 0.659265632852 -0.657537468296 1.439389919280 14.032690251581 
