TA_end5
4.957143826651 0.503306562617 -0.143144497279 -1.146735732896 0.174234869233 -0.307116280285 0.710615354042 -1.777504853576 -2.572290191644 -0.123510536746 1.760265369901 -12.276831148746 -4.649028833728 0.852666701211 0.146496138417 1.019757299669 -0.445355897726 0.637509537291 
0.503306562617 1.423249080063 0.517869029833 0.327331251012 0.183442448706 1.049022930510 -1.376227933530 0.442793255455 0.122090114888 0.879838671698 0.430327881077 -0.775616449207 -0.914281675578 -0.120445698637 -0.695034702182 0.321639158740 0.316613049860 0.062155950837 
-0.143144497279 0.517869029833 5.208005089337 -1.204155698041 -0.458592041139 0.763282791884 -2.185642914476 0.017592301860 0.630065849377 2.081319117875 -0.680092931567 0.199018113734 0.252331709730 -0.830089332334 -1.900488750409 0.097987602440 1.174620744651 -0.912738776018 
-1.146735732896 0.327331251012 -1.204155698041 12.487084491251 5.125735560853 0.362538711135 -0.969526290610 0.540442461508 1.916758294182 0.409858062179 -0.621696352191 2.674877863385 1.327832223760 -0.141252893428 -0.278753076113 -0.253603108846 0.894117974897 -0.853536675485 
0.174234869233 0.183442448706 -0.458592041139 5.125735560853 48.989508408157 0.937302197811 2.041827912253 -0.100899041243 -0.325103226136 -0.527550581481 0.302178597731 1.745904958947 -0.366001757969 0.398034386697 0.332701104553 -0.233977633219 -0.908441945732 2.106293734695 
-0.307116280285 1.049022930510 0.763282791884 0.362538711135 0.937302197811 12.131463314095 -10.290436808530 0.704472945011 -0.444051737183 2.627804961504 0.507896598531 6.036169876920 0.695245284229 0.105297550736 -0.801021910616 0.580706524923 1.941612381543 -5.604010773679 
0.710615354042 -1.376227933530 -2.185642914476 -0.969526290610 2.041827912253 -10.290436808530 16.656506855473 0.122158530310 -0.603398144596 -4.394695750297 0.993575835345 -2.689752492367 -1.012274877989 1.287161328256 1.632618432233 -0.994207515736 -1.774266794604 10.448598770476 
-1.777504853576 0.442793255455 0.017592301860 0.540442461508 -0.100899041243 0.704472945011 0.122158530310 3.850914317342 2.806936999320 0.062185256424 0.044263456333 3.802504796726 1.651762417257 -0.077169785460 -0.605186200859 -0.514178439069 0.281275034865 1.140166871248 
-2.572290191644 0.122090114888 0.630065849377 1.916758294182 -0.325103226136 -0.444051737183 -0.603398144596 2.806936999320 7.603750141042 0.344575348308 -3.159435523389 2.786215422535 2.612905829163 0.010939515003 -0.093483511339 -1.471324854000 0.859555284855 -0.721495222768 
-0.123510536746 0.879838671698 2.081319117875 0.409858062179 -0.527550581481 2.627804961504 -4.394695750297 0.062185256424 0.344575348308 2.738299528406 -0.232637727668 0.262122594281 0.047460102521 -1.000902313256 -2.018010020023 0.433334911606 1.190972103977 -2.507286565992 
1.760265369901 0.430327881077 -0.680092931567 -0.621696352191 0.302178597731 0.507896598531 0.993575835345 0.044263456333 -3.159435523389 -0.232637727668 4.493146360185 -2.441437586021 -1.893124828528 0.274419302983 0.055107276338 0.383230708654 -0.881526434501 1.291576779005 
-12.276831148746 -0.775616449207 0.199018113734 2.674877863385 1.745904958947 6.036169876920 -2.689752492367 3.802504796726 2.786215422535 0.262122594281 -2.441437586021 46.818003040410 12.613666085883 -0.573523029293 -0.477128707948 -2.306978681745 3.958168123229 1.189674836627 
-4.649028833728 -0.914281675578 0.252331709730 1.327832223760 -0.366001757969 0.695245284229 -1.012274877989 1.651762417257 2.612905829163 0.047460102521 -1.893124828528 12.613666085883 5.211231620708 -0.558103679604 -0.240623709205 -1.075964156201 1.386580314076 -1.030118893451 
0.852666701211 -0.120445698637 -0.830089332334 -0.141252893428 0.398034386697 0.105297550736 1.287161328256 -0.077169785460 0.010939515003 -1.000902313256 0.274419302983 -0.573523029293 -0.558103679604 1.372712865146 0.800443550578 -0.384015610262 0.171780316335 0.901263438052 
0.146496138417 -0.695034702182 -1.900488750409 -0.278753076113 0.332701104553 -0.801021910616 1.632618432233 -0.605186200859 -0.093483511339 -2.018010020023 0.055107276338 -0.477128707948 -0.240623709205 0.800443550578 4.137687464529 0.971415966929 -1.040633369055 0.335928836199 
1.019757299669 0.321639158740 0.097987602440 -0.253603108846 -0.233977633219 0.580706524923 -0.994207515736 -0.514178439069 -1.471324854000 0.433334911606 0.383230708654 -2.306978681745 -1.075964156201 -0.384015610262 0.971415966929 7.706647577020 -3.755123874504 -0.398231296866 
-0.445355897726 0.316613049860 1.174620744651 0.894117974897 -0.908441945732 1.941612381543 -1.774266794604 0.281275034865 0.859555284855 1.190972103977 -0.881526434501 3.958168123229 1.386580314076 0.171780316335 -1.040633369055 -3.755123874504 32.897974321477 0.617083370186 
0.637509537291 0.062155950837 -0.912738776018 -0.853536675485 2.106293734695 -5.604010773679 10.448598770476 1.140166871248 -0.721495222768 -2.507286565992 1.291576779005 1.189674836627 -1.030118893451 0.901263438052 0.335928836199 -0.398231296866 0.617083370186 11.192561498826 
