AG
8.111301117429 2.055061144548 0.211648920026 -1.451823798220 -2.017190631489 -2.109114104156 4.182633076153 -2.025516711377 -3.276794996071 1.189780861096 2.379436360685 -20.613855123747 -7.714681471644 0.960582295216 -0.705341813548 1.834480443728 -0.196876624884 1.554314594011 
2.055061144548 2.339850877150 1.183194228334 0.250532176628 -0.792909432844 0.943047734986 -0.537215871133 0.976798292170 0.315570121714 1.700203456609 0.400799065773 -5.554010121773 -2.651736442480 -0.163288761507 -1.457901074523 -0.044856395533 0.662486393789 0.159171913355 
0.211648920026 1.183194228334 4.747031340269 1.009985655999 -3.770230479220 1.137315811929 -1.756489972215 0.434320981482 1.144169722108 3.264270137626 0.038270019664 -0.566399845975 -0.349780197142 -0.510427313761 -2.670188134236 0.050254162249 1.639398860154 -0.305242921347 
-1.451823798220 0.250532176628 1.009985655999 7.987334072429 -4.126385037621 -0.497486839956 0.420043519777 0.837361035628 2.120024570176 -0.346612829984 -0.763526192777 3.350902238980 1.417922427363 -0.085896617086 -0.352598283682 -1.351567723020 0.366483079322 0.246389270336 
-2.017190631489 -0.792909432844 -3.770230479220 -4.126385037621 43.019045389135 -2.168085925941 3.474988506533 0.695372981413 1.885221058759 -1.420567841045 -0.416020666146 4.192562869067 0.678636948996 0.873875018006 1.094598258317 -1.288850191500 -1.879151579945 2.393135272036 
-2.109114104156 0.943047734986 1.137315811929 -0.497486839956 -2.168085925941 17.704814318156 -19.513663413345 -0.127272332446 -1.152010858042 3.597746778115 1.249035564439 -1.188001773144 0.437067996337 -0.500428040010 -1.858672361089 1.136067105445 2.443566097532 -13.573341490288 
4.182633076153 -0.537215871133 -1.756489972215 0.420043519777 3.474988506533 -19.513663413345 30.370314729868 0.958417695772 1.947822882766 -4.772595591770 -0.351538420012 -6.320858016987 -2.876418047426 1.982102342522 2.392782982076 -2.135866114740 -3.166955273393 17.317472309270 
-2.025516711377 0.976798292170 0.434320981482 0.837361035628 0.695372981413 -0.127272332446 0.958417695772 6.182095459598 2.957736660449 0.441538126396 -1.510872970528 5.099845032443 1.610788012124 0.070229847010 -0.909037420173 -1.003759421216 1.043211194749 2.397826537360 
-3.276794996071 0.315570121714 1.144169722108 2.120024570176 1.885221058759 -1.152010858042 1.947822882766 2.957736660449 8.604387829816 1.149281123769 -2.617392905936 4.959882431193 3.249056314110 0.037026623089 -0.328658738079 -2.253807352555 0.029280435198 0.466621405878 
1.189780861096 1.700203456609 3.264270137626 -0.346612829984 -1.420567841045 3.597746778115 -4.772595591770 0.441538126396 1.149281123769 4.978364115686 1.462858419064 -4.037888456781 -1.721460191624 -0.359475092324 -2.845063034308 -0.074570318627 1.675638730126 -2.728397405889 
2.379436360685 0.400799065773 0.038270019664 -0.763526192777 -0.416020666146 1.249035564439 -0.351538420012 -1.510872970528 -2.617392905936 1.462858419064 5.395006663614 -3.491702154001 -3.021364965861 0.936971731739 -1.380384631125 -0.236373015210 -1.158521167444 -0.110108271055 
-20.613855123747 -5.554010121773 -0.566399845975 3.350902238980 4.192562869067 -1.188001773144 -6.320858016987 5.099845032443 4.959882431193 -4.037888456781 -3.491702154001 71.135653878318 20.564018451670 -0.741515677436 1.587087245631 -4.194067114559 0.810248902481 4.571330150488 
-7.714681471644 -2.651736442480 -0.349780197142 1.417922427363 0.678636948996 0.437067996337 -2.876418047426 1.610788012124 3.249056314110 -1.721460191624 -3.021364965861 20.564018451670 8.698442207991 -1.256585674308 0.507686428273 -1.424699371862 0.638324419641 -1.282988964681 
0.960582295216 -0.163288761507 -0.510427313761 -0.085896617086 0.873875018006 -0.500428040010 1.982102342522 0.070229847010 0.037026623089 -0.359475092324 0.936971731739 -0.741515677436 -1.256585674308 2.071161183050 1.251790300121 -0.051226854392 -2.471375244497 1.963231294248 
-0.705341813548 -1.457901074523 -2.670188134236 -0.352598283682 1.094598258317 -1.858672361089 2.392782982076 -0.909037420173 -0.328658738079 -2.845063034308 -1.380384631125 1.587087245631 0.507686428273 1.251790300121 10.448811203158 2.102401771138 -11.910373757535 3.037057248236 
1.834480443728 -0.044856395533 0.050254162249 -1.351567723020 -1.288850191500 1.136067105445 -2.135866114740 -1.003759421216 -2.253807352555 -0.074570318627 -0.236373015210 -4.194067114559 -1.424699371862 -0.051226854392 2.102401771138 7.205345885665 -5.681659191263 -1.451299003061 
-0.196876624884 0.662486393789 1.639398860154 0.366483079322 -1.879151579945 2.443566097532 -3.166955273393 1.043211194749 0.029280435198 1.675638730126 -1.158521167444 0.810248902481 0.638324419641 -2.471375244497 -11.910373757535 -5.681659191263 60.728894715850 -3.176518427781 
1.554314594011 0.159171913355 -0.305242921347 0.246389270336 2.393135272036 -13.573341490288 17.317472309270 2.397826537360 0.466621405878 -2.728397405889 -0.110108271055 4.571330150488 -1.282988964681 1.963231294248 3.037057248236 -1.451299003061 -3.176518427781 17.553779992027 
